9.73
9.89
9.89
9.82
9.82
9.33
9.33
10.11
13.81
13.81
9.78
9.78
11.75
11.75
13.82
13.82
11.31
11.44
11.44
13.72
13.72
14.63
14.63
14.00
14.00
12.96
12.96
12.49
11.73
11.73
9.51
9.51
8.36
8.36
8.24
8.24
8.53
8.20
8.20
8.20
8.20
6.86
6.86
7.42
7.42
8.23
8.23
8.03
7.86
7.86
7.78
7.78
8.24
8.24
8.93
8.93
9.52
9.52
10.20
11.44
11.44
11.54
11.54
11.54
11.54
6.78
6.78
6.75
12.60
12.60
17.22
17.22
18.62
11.10
11.10
4.16
4.16
4.16
4.16
8.82
15.68
15.68
14.79
14.79
9.61
9.61
7.46
8.27
8.27
9.14
9.14
9.89
9.89
10.24
9.44
9.44
9.71
9.71
9.75
9.75
9.61
9.61
9.28
9.28
9.50
9.65
9.65
9.52
9.10
9.10
8.92
8.92
9.01
9.01
9.06
9.06
9.65
10.03
10.03
10.07
10.07
10.02
10.02
9.94
10.59
10.59
13.89
13.89
13.94
13.94
12.69
12.69
11.97
11.97
12.54
10.52
10.52
8.99
8.99
9.17
9.17
10.71
12.93
12.93
13.01
13.01
13.36
13.36
11.01
11.01
9.13
8.52
8.52
8.32
8.32
7.46
7.46
6.83
6.83
6.20
5.84
5.84
5.28
5.28
5.12
5.36
5.36
6.62
6.62
8.62
8.62
10.24
10.24
11.90
12.90
12.90
13.75
13.75
13.72
10.79
10.79
7.03
7.03
9.25
9.25
17.17
17.17
19.37
12.34
12.34
4.38
4.38
4.47
4.47
4.16
4.16
11.96
11.96
17.78
11.78
11.78
7.55
7.55
7.24
9.69
9.69
11.11
11.11
10.38
10.38
8.86
8.86
8.78
9.65
9.65
9.25
9.25
9.01
9.01
9.37
9.37
9.44
9.31
9.31
9.41
9.41
9.59
9.59
9.49
9.49
9.31
9.52
9.52
10.27
10.27
10.82
10.82
10.44
10.44
10.48
10.48
10.81
12.68
12.68
14.33
14.33
11.31
11.31
10.13
10.13
12.72
13.74
13.74
13.00
13.00
11.85
11.85
11.55
12.24
12.24
11.98
11.98
10.03
10.03
8.47
8.47
7.92
7.92
7.57
8.04
8.04
8.56
8.56
8.37
8.37
7.84
7.84
7.32
7.30
7.30
7.11
7.11
6.98
6.98
7.30
7.30
7.66
8.88
8.88
9.89
9.89
10.58
10.58
10.78
11.42
11.42
12.80
12.80
13.41
13.41
11.17
9.53
9.53
10.79
10.79
14.81
14.81
15.00
13.55
13.55
9.50
9.50
4.07
4.07
8.10
8.10
11.49
11.49
12.01
12.60
12.60
10.63
10.63
8.36
8.36
8.40
9.72
9.72
10.46
10.46
10.19
10.19
9.39
9.08
9.08
9.80
9.80
10.01
10.01
9.92
9.66
9.66
9.56
9.56
9.22
9.22
9.10
9.19
9.19
9.30
9.30
9.02
8.75
8.75
9.49
9.49
9.82
9.82
10.53
10.53
10.04
10.04
9.46
9.40
9.40
10.43
10.43
11.59
11.59
12.45
12.45
14.69
14.69
13.40
12.17
12.17
9.96
9.96
9.71
9.71
10.36
10.36
10.63
12.68
12.68
14.01
14.01
14.46
14.46
11.58
9.05
9.05
7.61
7.61
7.39
7.39
6.63
5.24
5.24
5.08
